full_text
konchudas kieren cobrar ultimo minuto
"transparencia ya!!, sabemos dinero recibes soros gratis. pagar promoviendo agenda incluye falsa paridad!! nefasto!!"
voto mejor congresista peru
"regresa cusco agarren palos!! desarrollo años congresista, solo enseño delincuente fuerza popular!! nunca politica pais!!"
"quieren dejar mamadera. tales desgraciadas. aprenden, aprenderan. nacidas delinquir. quieren chuparle sangre peru final dicen querer trabajar pais. creen?"
siempre sanguijuelas.
ilusiones jueguen sentimientos peruanos listas nunca postulen
.... sinverguenzas
santo encomendado ahora pedirle salga keiko?
elijan congresistas renunciar sueldo salir elegidas.
llorar iglesia
saquen chelas!
"ninguna logica, pues criterio mismo periodo, reeleccion, verde postulen congresistas. abuso, persecucion."
"ahora gobierno dice postula; dictador aprende?. igual aceptaran lista, manera joder."
"fuerza popular apra, terminar quedamos listas"
""
"quiere perder inmunidad,"
"subsanable ....informa mejor ""guaripolero""."
viva peruuuu......
tanta verguenza nombre pone.
"emocionemos, dado horas subsanar impase... late llamaron ""hershmanito"" hinostroza pariachi"
llora nomas aborto malhecho
"inadmisible mas, improcedente seria cosa."
"hora bajen carro convenidos, ladrona corrupta bestiabartra, pueblo repudia encuentra calle, seguro lincharan, nacida."
"motivo! duda aqui persecucion politica odio politica limpia integra lucha defender democracia defiende constitucion peru, dra. detras delincuente ladron dictador"
amigo chinchay disculpe ignorancia verdad oportunidad estudiar entiendo terminos inadmisible.podria explicarlo bruto muchas gracias broma sigo veces medio cuidese bendiciones
#loultimo jurado electoral especial lima centro declaro inadmisible lista #solidaridadnacional candidaturas
dias naturales...
motivo???
🙏🙏🙏🙏
""
jajajajaja olluquito cuerda.
subsanarlo.
carcel haber votado dinero complice kaos camarada ruth
bruja desaparezca vida peruanos mejor elecciones 2020
hizo justicia !!!!!!
"favor, favor, martes!!!! favor, solidaridad enteradosssssss🙏🙏🙏🙏🙏"
#loultimo jurado electoral especial lima centro declaro inadmisible lista #solidaridadnacional candidaturas
puedes leer cuales fundamentos aquella inadmisibilidad?
vizcarra aclara mermelero vizcarrata quuere sacar refundir carcel
""
declaro inadmisible mensaje subliminal twuit visceral.
encantaaaaa
"chau, reformatorio"
ohhh noooooo rosita podrà decir congresista funciones ?😭😭😭😭😝😝😝
dias ratas acepten.
todavia dias utiles levantar objecciones jne. ojala expectoren caterva.
bravo!!!
"dias habiles subsanar, decir martes"
"sabe alguien observaciones, lleva corruptos pocos?"
basura partido
ojala asi! dias subsanar.
"seria bueno conseguir resolucion entera a#para punto observaciones pueden subsanables, inadmisble recien, improcedente...aun podemos cantar victoria."
joyitas! adios popo!
subsanarla dias?.. tantas ventajas mafia...
"ojala puedan postular, quiero gente oportunidad darles patada trasero."
#loultimo declaran indapmisible lista candidatos #solidaridadnacional inscripcion pdir licencia postular
vilcaloca fueeeeee. jajajajajaja
"cosa inadmisible cosa observada,,, fin,, sabran ustedes"
"niestra patria gente decente estan habriendo ojo. viva peru, carajooo!!!!!"
subsanar?
bueno!!! solo demas ratas??
"joyitas bartra cuadros pidieron licencia goce haber participar, saben todas, cambiado, mismo, bien salud moral pais señoras deben inhabilitadas postular."
significa? poder votar rosita bartra?
justicia....justicia. peru merece
pidan licencia asunto resuelto
subsanable
vivaaaaa!!!!
vivaaaa!!!!!!!
#loultimo declara inadmisible solicitud inscripcion lista solidaridad nacional lleva
#loultimoenspl declaran inadmisible lista pedido licencia comision permanente postular. dias naturales resolver tema.
usted debe salir bien rica chanfainita verdad?
"buen articulo tribi, buen resumen ojala mayoria entienda camino correcto realidad pones, chavismo libertad progreso.!!"
oraculo tribi: decidamos:
lucia metida negocio llevar gente eeuu cobraba bien estafar... jodan. peruanos aprenden karajo. elijen webadas.
ninguna edas basuras
protesta masacre hermanos bolivianos?
"¿como pudo ambicion poder llevartela facil dinero, olvidaste principios raices."
"congreso fiscalizar legislar, moral negocia!!! oposicion gobierno facto, hacen, estan perdidos!!!"
"suena bonito dice creeria sino informada delos planes genero enlatinoamerica mundo,qbajo lafachada lucha contrala violencia ydiscriminacion lamujer..han introducido muybien ideologia desdelas escuelas, hipersexualisan niños"
"proyecto educativo nacional, positivo pais, particular menos favorecidos acuden escuelas publicas. mienta, ideologia genero existe. existe sector educacion enfoque genero promueve igualdad genero derechos mujer!!"
"criticar entrevistan candidatos sn.. duele candidatos defiendan familia, vida, orden natural, libertad patria?"
"nelly, propuestas nuevo periodo congresal..."
loca ministra! marido tambien metido laideologia genero!
"hago llamado apoyar defienden vida, familia, orden natural, libertad, patria solidaridad nacional olga helfer alfonso vargas"
presidente
proa lista #solidaridadnacional #provida #profamilia
"impresionante, tanta mugre junta"
"cierto, reemplazando #ghibellini? seguramente impostor, decir, luce habla nunca, siendo incisivo fanatica religiosa"
"fanatica religiosa incapaz justificar cambio jurisdiccion cuzco lima. ""desde lima podre trabajar nivel nacional"", luego ""porque lima peru"". dijo ""hay personas casan computadoras""."
cusco ahora lima? jajajajajajajajaja #solidaridadnacional razon votar lista!!!
"futuros congresistas vida familia ""ten cuidado mismo doctrina, persiste ello pues haciendo salvaras mismo oyeren"" 1timiteo 4:16"
"debe ""lavador"" castañeda lossio, parecer quiere seguir jodiendo pais tener lista solidaridad nacional, miserables delincuentes lucia cruz, #novotarporsolidaridadnacional"
acaso comportado pais delincuentes prontuarios? lider??? entonces queja miserable doña
compatriotas saben votar: demas integrantes
"excelente, seguimos lucha, ideologia genero!"
"afan descalificar candidatos, republica"" hace gran favor causa vida familia."
"seguidor pensamiento gonzalo intolerante, odiador puede diablo congresista elegidas fujimoristas comunista congresista."
"votar cedula delincuentes, ahora abren puertas ladrones como:"
verdad puede decir misma vaina toda gentuza pasado organizacion. tambien troll misma lacra vivimos anteriormente🐭🐭
oraculo tribi: tolerancia:
porquerias porquerias...!
lider resistencia tambien??
votar cualquiera seria imbecil
"ninguna basuras, peor basura farandula existe, lleno escandalos, quieren parlamento? abren mente carajos..!!!!!"
"pueden llevar señora, cantara bien, aportar cola larga"
"shit!,,,,se nota gente media webona..."
ningun miembro lista #robaperohaceobra. #nuncamas
*con ppk* nooo!
horror!
ninguna. ninguna cumple requisitos minimos congresista.
vicio voto!
"marcar simbolo partido nada, mismo corruptos, enterrados siempre #novotarporlosmismos #novotarporlosmismos #novotarporlosmismos"
coju....s
rompo cedula
"grave, ojala voten partido, lucia dedique cantar arrastre basuras congreso."
